time,loss,theta,phi,gamma,bx,by,bz
0.01781459990888834,-0.5430799722671509,3.5194760291920724,0.7184879147455687,1.8293469904725204,160.6903231693027,171.86978982193048,168.4745842103075
0.03622242994606495,-0.5506130456924438,3.6954498306516763,0.7184879147455687,1.8293469904725204,160.6903231693027,171.86978982193048,168.4745842103075
0.05399691127240658,-0.5269622206687927,3.5194760291920724,0.7544123104828472,1.8293469904725204,160.6903231693027,171.86978982193048,168.4745842103075
0.07176641281694174,-0.5279361605644226,3.5194760291920724,0.7184879147455687,1.9208143399961464,160.6903231693027,171.86978982193048,168.4745842103075
0.08961015287786722,-0.5432316660881042,3.5194760291920724,0.7184879147455687,1.8293469904725204,168.72483932776785,171.86978982193048,168.4745842103075
0.10729010123759508,-0.5558075308799744,3.5194760291920724,0.7184879147455687,1.8293469904725204,160.6903231693027,180.46327931302702,168.4745842103075
0.12504694424569607,-0.5061598420143127,3.5194760291920724,0.7184879147455687,1.8293469904725204,160.6903231693027,171.86978982193048,176.8983134208229
0.1429374162107706,-0.5779240727424622,3.578133963011941,0.7304627133246615,1.859836106980396,163.3684952221244,174.73428631896266,160.05085499979214
0.16063995100557804,-0.6039251089096069,3.6074629299218754,0.7364501126142078,1.8750806652343335,164.70758124853523,176.16653456747878,151.62712578927676
0.178459987975657,-0.5805448293685913,3.607462929921875,0.6885509182978368,1.8750806652343333,164.7075812485353,176.16653456747875,162.85876473663058
0.19637770298868418,-0.5997445583343506,3.63679189683181,0.7144963152192043,1.76836875745677,166.04666727494612,177.59878281599484,160.9868249120716
0.21421198174357414,-0.5931029319763184,3.6758971860450544,0.7131657820437498,1.8395100293084792,167.83211531016065,179.50844714734964,158.49090514599294
0.2320710802450776,-0.6090936660766602,3.7280375716627154,0.7113917378098102,1.8428977089204654,159.5000244791597,182.0546662558227,155.16301212455477
0.24978066142648458,-0.6005259156227112,3.832318342898037,0.7078436493419309,1.8496730681444382,154.88761705485564,187.14710447276883,148.50722608167837
0.2675448451191187,-0.6210049390792847,3.562926350540124,0.7090263454978905,1.8474146150697808,167.13777440757718,185.44962506712014,150.72582142930383
0.28504135739058256,-0.6096200942993164,3.4966646104843484,0.7042955608740513,1.8564484273684108,170.36150002671445,192.23954268971494,141.85144003880202
0.30288587883114815,-0.6248533129692078,3.75338359244908,0.7058724890819976,1.8534371566022003,169.28692482033534,178.5182508273879,144.8095671689693
0.32077362574636936,-0.5949193835258484,3.8703373740775833,0.6995647762502122,1.8654822396670405,173.58522564585166,177.54573658456837,132.97705864830016
0.33851786237210035,-0.6180123090744019,3.7140369125616783,0.7415833424577835,1.80048897896301,166.79611459836946,183.59890099290593,144.40898745342582
0.3563048178330064,-0.622711718082428,3.6583158986107063,0.7264409988498814,1.8230525981070407,163.32624696614704,181.62047302822046,144.08287447987442
0.37391076423227787,-0.5785287022590637,3.7045958550835825,0.7290920268846528,1.912421816842174,164.20488823176186,184.8707007636505,135.95230456973007
0.3917135847732425,-0.6175717711448669,3.653742886394753,0.7181452431355664,1.804382022303121,165.58622251415005,179.41676230290875,154.72819482648623
0.4094647830352187,-0.6311900615692139,3.7493514741511422,0.7010366063301021,1.7821436947542062,165.83685468004433,187.38635825730984,146.34569337159473
0.42713427636772394,-0.6374895572662354,3.820295746265776,0.6833298531880492,1.7356752095141426,166.40149139579887,192.99627010222537,143.70497716275372
0.44468772783875465,-0.6055037379264832,3.6595295572779905,0.7167410195939126,1.7785858179326335,173.34490042163296,185.1454278511001,138.9904620490497
0.46249327436089516,-0.6211512684822083,3.7109105680665344,0.7127290582558359,1.8268197361735075,162.96124346477802,182.82735665464205,151.1198746056785
0.48019868042320013,-0.5976594686508179,3.7528801364365454,0.7081821193082463,1.8245807425067726,166.38370937018522,188.9201965879252,138.22250594018226
0.49792980682104826,-0.6255671977996826,3.678527198905201,0.7156544621787364,1.809431702354034,165.78559422815886,181.79262087416288,150.60177260491025
0.515902591869235,-0.6346914172172546,3.6807495390507943,0.6761010598930134,1.8314546936438918,164.83697716256233,184.1359645250137,150.60597503040418
0.5337313283234835,-0.641352117061615,3.871134497242573,0.6976829616512807,1.7792090837284908,163.72838493834962,181.8473536034306,144.24919225489293
0.5517089106142521,-0.6180087924003601,4.025238570593798,0.6920112697279759,1.745106318057846,162.02369020373584,180.04621787158584,141.0108776676875
0.5694165518507361,-0.6400783061981201,3.776558256108175,0.6889648833584836,1.7839337451430923,168.16062970567265,184.14295433217163,141.56491162825648
0.5872980980202556,-0.6452846527099609,3.868567044729826,0.6627609042673055,1.7746612655549103,169.40708711747885,186.19066505991023,147.76259080352122
0.6053290842100978,-0.6367923021316528,3.9736926177893865,0.6309208569760174,1.750465599278845,172.44750719314476,188.4757610757551,149.6024489653446
0.6231315154582262,-0.6413354873657227,3.8118938349850358,0.668958885763625,1.7180180767106539,163.48646336233838,191.85035867158356,148.02023932594363
0.6409570593386889,-0.6206228137016296,3.9312057738888595,0.6436117205285161,1.7315523224110265,166.2214169992414,191.92856789061545,141.3675227970138
0.6585764437913895,-0.6352571845054626,3.7416968426511157,0.6976437767661814,1.789961857368282,165.89454992092948,184.326607628276,148.29321015293613
0.6765533713623881,-0.6170825362205505,3.949299201610041,0.6903460284386284,1.6956983856959658,167.522558317627,189.64877194085207,140.5923987456972
0.6944755017757416,-0.6397842168807983,3.747886954690606,0.6796623020294171,1.7975156166569102,165.5083724513285,185.5141663789733,148.10258095922745
0.7124887844547629,-0.6345255970954895,3.8904152686895492,0.6628094866532057,1.7397091417344508,166.3362597360595,189.8539817544888,142.8416205585957
0.7303312849253416,-0.6453337669372559,3.778876449160724,0.6889352042379375,1.7773986784598241,166.00497737471198,185.70845115982922,146.930312754351
0.7483906811103225,-0.6458986401557922,3.7980099327065373,0.6789918605813008,1.807903612570485,165.69714692082778,178.75504629974085,148.50496541264386
0.7664623418822885,-0.6350564360618591,3.7868670259269184,0.6768228642779266,1.844017814098656,165.34497468334223,171.63443439849857,150.90495953758892
0.784672113135457,-0.6447107195854187,3.88712638362035,0.6824359312572273,1.7495258707322425,166.65319068846458,183.9841099965821,144.2414897673089
0.8026839373633265,-0.6599252820014954,3.89531112470684,0.6709570325610752,1.7516384507757765,163.49845376171777,185.30237393152063,151.67135181129737
0.8208865076303482,-0.6322820782661438,3.9546875590061727,0.661953107162371,1.7354908035921186,161.1673657897403,185.8820837311951,156.72457190281784
0.8388294260948896,-0.6371429562568665,3.8877813090705797,0.6916290790884174,1.828760910563256,168.1766169048451,175.4123080120876,146.4330616087281
0.8566784206777811,-0.6596167683601379,3.8308657035064217,0.6746264340948231,1.7457037851738044,164.65900174796508,187.74084600670957,147.62344489663974
0.8747022552415729,-0.6667299866676331,3.815117715567661,0.6552194940152758,1.7564014706938569,168.24490093203906,187.37981054800034,151.32885956036108
0.8928917134180665,-0.6547618508338928,3.7871093247302046,0.6339877601972734,1.7449976641765397,170.50315892888375,190.14603902028517,154.86869321309518
0.9109727861359715,-0.6386582851409912,3.775122939838986,0.6613943786620119,1.7883765503439761,165.85066526311562,186.37495433865485,153.69901864562917
0.928892501629889,-0.655494213104248,3.8591255226750087,0.6771755431084234,1.759238540635176,166.45255933212735,184.5818210821003,146.60587198688899
0.9468535920605063,-0.6454668045043945,3.7905351047112386,0.6858742852656394,1.75810024721473,162.11192623898415,183.63211794939005,149.79234467053948
0.9649393782019615,-0.6749470829963684,3.8841119187971795,0.6586796789709082,1.748930023894785,164.2163522698417,183.42222077932468,151.57863335843916
0.98300308175385,-0.670894980430603,3.936729653615407,0.6435519163373935,1.734695696612265,163.3220397174066,182.2791055890724,153.9027936604832
1.0009569069370627,-0.6497730016708374,3.903645534608644,0.6526757291782961,1.765171714033231,168.81087874918876,185.42858826640875,149.31203100488398
1.0188727285712957,-0.6311872005462646,3.931382573914047,0.650786110061633,1.7011243824983917,166.2635686767988,192.53017390494728,150.8684321268596
1.0366530772298574,-0.6657872200012207,3.8313530930084148,0.6719404229513839,1.7812088050524617,165.83875235982055,182.19882820104246,149.0958320911978
1.054492313414812,-0.6461898684501648,3.8016494914785306,0.6835238060556672,1.7492019780420558,162.15912805198172,184.78004524982398,149.98930023005744
1.0723358215764165,-0.6585286259651184,3.878146523826116,0.6603877483976388,1.7611792800354373,167.147941074887,185.26645251226256,149.48134831117733
1.0903611723333597,-0.6660040616989136,3.852509837129201,0.6534280605552785,1.7557820645735314,164.7492413832964,185.85502291085317,153.65395135614847
1.1084918873384595,-0.6498762369155884,3.8249432737457907,0.6678959593186093,1.7520422533526343,163.2542930766732,185.3665816135544,152.16934271351727
1.1265290584415197,-0.671291172504425,3.8648457113060344,0.6622648011278814,1.7588950233647367,166.17452907533357,185.29148478758552,150.1533469117623
1.1448267931118608,-0.6739866733551025,3.8835507633320216,0.649536729299111,1.7719148276112455,166.24840817938463,182.07573437939934,154.87054679976228
1.1630316795781255,-0.6668074131011963,3.815185221673329,0.6460660297455378,1.7727389542877625,168.32560763818753,183.43865993721457,151.88903821459303
1.1814030902460217,-0.670423686504364,3.873753962926726,0.6364578416199471,1.7403453164228442,166.81426079954042,186.95548291308344,155.39562664249098
1.1995081352069974,-0.6782588958740234,3.8596785940717817,0.6493134643709422,1.7606264741848792,168.59211158147923,183.66610820401615,151.41806580632112
1.2174816569313407,-0.6663343906402588,3.8632629725430725,0.6472561662787739,1.763048678990553,170.51354668057064,182.57165085059762,150.30012303140745
1.2356843948364258,-0.6771954894065857,3.911924341801364,0.6455533543628333,1.7614154025615607,165.2121889158833,180.90341978554093,153.7728930174285
1.2538794642314315,-0.6486276388168335,3.9441032090717076,0.6545359268383366,1.7413034017255882,164.09367596896675,183.9994903457688,153.8406659641417
1.2719664201140404,-0.6738088726997375,3.8474147185229235,0.6481835040187376,1.764880066147219,167.26762472088234,183.57886753935313,152.37694515198018
1.2900020331144333,-0.6728505492210388,3.8767547196837087,0.6680526690968576,1.7818752894986314,165.75614411472782,179.3571289119898,149.32785037274016
1.3082302073016763,-0.6798492670059204,3.889632640763626,0.6441749989119151,1.7709856712680367,166.25641418539942,179.0430084122892,154.29496459046152
1.3265029350295663,-0.6778351664543152,3.9020261054924212,0.635130097803932,1.777030995219687,166.29735674043235,175.91877022464104,156.36577342981116
1.3447683276608586,-0.6715887784957886,3.8820162727459233,0.6304279075479582,1.7443755323906107,166.84155583622908,184.87265745465132,156.7761658687241
1.3627739800140262,-0.6788941025733948,3.878070107949262,0.6586464787096327,1.7725003502216263,166.02749704510313,180.73601104765518,151.18992924673614
1.381057814694941,-0.6669600009918213,3.9215747370488216,0.6537847308563767,1.7639108504334922,164.91669933814808,179.703299996722,153.33139912106935
1.3991098189726472,-0.6758291125297546,3.865954723154398,0.6495838107281473,1.7646377622187872,166.6798933751988,182.60997565369536,152.61555864425247
1.417207189835608,-0.68366938829422,3.879573345513848,0.652447199385682,1.7544504005053128,166.0797442782506,181.38451358144115,150.08613475478404
1.4351905342191458,-0.6837506294250488,3.8775846366047615,0.6539024344289674,1.7457181869523462,165.99541232768354,181.0389031824621,147.69392873229492
1.4533718870952725,-0.6833407282829285,3.876836429317885,0.6417118348665711,1.7763645919076274,168.70482020707414,179.24358798256168,152.08314665405908
1.4715151097625494,-0.6802314519882202,3.898620860348495,0.6481837111554734,1.7645657968132382,166.91625471234215,178.93370388447977,150.86875070484797
1.4895811369642615,-0.6815078854560852,3.8482167478839058,0.6530909531183338,1.7688382878876905,168.95198110381057,179.98368778561374,148.74336889414508
1.5077455639839172,-0.6869884729385376,3.8966418802175298,0.6505900060260223,1.7723644874986428,165.6920149456584,175.99352589433767,150.20663046786046
1.5258956830948591,-0.6843546628952026,3.9151235232904043,0.6512282768535624,1.7782334941555247,164.24196662774796,172.15723473949845,149.60091279863013
1.5440727127715945,-0.6946864128112793,3.884440957096139,0.638571500792795,1.7604453238875672,168.14480211555292,177.34279466625955,150.10700076782018
1.5622408222407103,-0.7007455229759216,3.887626381669577,0.6285340118343763,1.754417810720538,169.20345465077781,175.6461864755617,149.5655365283622
1.5803591357544065,-0.6847441792488098,3.872209671250425,0.6478293182313329,1.7564373826586581,168.89823179704945,177.90352332271627,145.4254894033951
1.5984143922105432,-0.6860343217849731,3.8544177219662004,0.6437024750130611,1.7601477857285959,168.8990502983425,177.66943432993793,147.037282855191
1.6166487662121654,-0.6967465877532959,3.9068888257915546,0.6356657403484431,1.7529784606011127,166.84568030505136,175.84803261024538,148.59396931957582
1.6346792504191399,-0.6886159777641296,3.888286609848797,0.6450294937608301,1.7376567794790034,166.47312790111357,175.45628062252536,144.09113244816746
1.6529321316629648,-0.6983969807624817,3.8911057269765994,0.6298812473090545,1.765616048609838,169.3417743049808,171.80009123597932,147.27941827522244
1.6711595486849546,-0.6932479739189148,3.902779377572994,0.6299716731992627,1.757956408220585,166.58680233825868,172.90099373347957,150.1658338947314
1.6894572600722313,-0.6927674412727356,3.9366918787261502,0.6295215824796019,1.753515545981311,165.81523451693772,171.5456025274384,149.59689078944893
1.707711324095726,-0.7064343690872192,3.907817719977694,0.6156112436178338,1.735015863705486,169.06334306004828,171.73886984073891,146.224296617309
1.7259327005594969,-0.7115407586097717,3.9134056398577766,0.5981218624137394,1.7163415518089078,170.7490071172432,169.61154181393954,144.23312969203323
1.7444489942863584,-0.6979872584342957,3.9245460003494204,0.6055358787673293,1.7626184958350941,169.70752317663624,170.3278688430226,152.3871270516239
1.762698289938271,-0.7044454216957092,3.87209210534649,0.6130485554778,1.749794045950714,171.662846114045,173.83263570997093,147.81144746440071
1.7810738841071725,-0.7089155912399292,3.895775515757479,0.6069574255176516,1.7426323962881503,172.5832928846528,172.78779182942694,146.45770888234136
1.799424801953137,-0.7118312120437622,3.887961630860892,0.5916939200915405,1.7441616558033008,174.23695244439392,168.82067269238834,147.31748664508547
1.8176675336435437,-0.7134405970573425,3.8784980333955605,0.5697080099630893,1.7397532534043951,177.93258851406517,165.30699273345982,146.6792453078403
1.8357093511149287,-0.7039432525634766,3.8549551339850723,0.6098811587379076,1.7268998730924205,174.11679801861868,172.66721108975685,141.62170166510953
1.8539562048390508,-0.725614070892334,3.876345209694052,0.5788690940058003,1.7109969284785373,176.0742214614868,171.48402864805928,144.8435049048067
1.8721888978034258,-0.7338054776191711,3.868964951052778,0.5533630173541733,1.6836873684128868,179.44044503973976,171.3259973540993,143.62554821959884
1.890437244437635,-0.72379070520401,3.8736040781288077,0.5551593313204108,1.698618352265287,179.62487124534368,166.19787036798937,140.57739054874583
1.9090601904317737,-0.7311846613883972,3.9124916405278922,0.555571575277714,1.7167091162843602,176.54755228641113,167.02039884653846,148.1731217065439
1.9276668997481465,-0.7381621599197388,3.9088211808936073,0.5332451851377928,1.6827866335372819,180.6297395817736,163.58422860518021,142.10393398796714
1.9460743367671967,-0.7458499073982239,3.9271857186671664,0.49334349996778926,1.6492829273305656,185.1131863156379,158.46002505278489,139.25017724975032
1.9646251574158669,-0.7427189946174622,3.895607838119182,0.5014650065813203,1.658831793547317,183.88592395482743,159.8531502268435,141.05516202582947
1.983163976110518,-0.7242169976234436,3.872045113439353,0.4780816177410929,1.6659527186060292,190.09918200143187,159.77660304663226,142.2204186607363
2.0016643637791276,-0.7507993578910828,3.904801746582832,0.47595333945107754,1.61794083874442,186.9711317670654,162.23768889816944,138.2880274958946
2.019945427775383,-0.7490048408508301,3.9179536031764677,0.42907600419507164,1.5570346314144325,191.49040339356554,160.70303698052425,134.09241858992175
2.038287124596536,-0.7535059452056885,3.920094924667594,0.4641000208039783,1.6321832353765724,187.72760254302744,160.02675077369992,143.62676123737202
2.0564389461651444,-0.7570074200630188,3.943340347936987,0.418570365545762,1.598965676932215,191.77896819186935,156.94119097655516,145.15144658168515
2.074882105924189,-0.7482073903083801,3.945418967522926,0.5213406503181859,1.6425198551445592,177.81322051708509,165.50288073836464,142.9607424323645
2.0932619236409664,-0.7501694560050964,3.915948216099398,0.43244038446172217,1.5670337037529611,191.7867396423306,157.75324556906713,135.27057962849705
2.11130940169096,-0.7569382786750793,3.975135993923387,0.3943413980877791,1.5611708967377922,193.00927842319885,148.9233964664956,137.03316358507487
2.12949039041996,-0.7687311768531799,3.975002492125051,0.41053153936278497,1.5534728393335206,191.60491766423496,156.7529923403021,138.262883631926
2.1474547889083624,-0.7714992165565491,4.014699819127985,0.3650648057535173,1.5007933622266227,195.46441451893872,155.2029133970314,136.8667444349743
2.1682473961263895,-0.7709763646125793,3.9725959783973384,0.3758934812382254,1.5135251838489574,193.8280647045247,157.06041362910952,139.2733908030798
2.186365610919893,-0.6815732717514038,3.963421733166384,0.2994139411945086,1.4772900322697642,206.46631189889075,147.20340224044475,134.33370841070405
2.2046033646911383,-0.7631387114524841,3.9499196589337906,0.46585897303726653,1.6012123994258605,184.9764933625365,160.92801111388468,140.8039839269494
2.2226758264005184,-0.777252197265625,4.004216298868041,0.3994537365761538,1.5641690822189949,190.2227106803806,156.01129259134814,143.86833931405562
2.240575429983437,-0.7812483310699463,4.048350340252362,0.38296041263336966,1.5627367714520117,189.44069619940558,155.14031610248867,148.1672191568349
2.2584260310977697,-0.7591509819030762,4.063212299607786,0.32494313931422913,1.4948605914633992,195.86150669975916,149.16105833035226,144.14395533363825
2.276515451259911,-0.7849434614181519,4.022236820828696,0.3834223277530109,1.5295270983785634,190.7741028024791,162.55457138331167,147.76908316064572
2.2945882165804505,-0.7821416854858398,4.045787234281351,0.3779627925856268,1.5137051991989487,189.65651499211924,169.37015884171967,153.13704294843114
2.3124936586245894,-0.7900976538658142,4.080331291112332,0.3474773476974443,1.4685861253329233,191.66945790401195,156.40790367550426,140.52334569035565
2.3302106391638517,-0.7862048745155334,4.148826762700004,0.31193083877328553,1.4033963495332777,191.61470276008322,156.1412600249788,138.2092952446909
2.3485045889392495,-0.765225887298584,3.9661656699430488,0.4486159767233824,1.5639330554249136,186.18956979753972,166.60365143675773,140.32396705730838
2.3663822822272778,-0.7794042229652405,4.08487364762013,0.3019524775623835,1.4451547994621368,197.47894194643007,156.7285787608497,143.50393284078353
2.384106463752687,-0.7290886640548706,4.108196962503232,0.2703076408226014,1.4428413914754916,200.02898956105696,147.76124754600733,145.04393830491625
2.402196836657822,-0.7794275879859924,4.001673493083095,0.40403889274818716,1.5336601394375582,189.64942473841904,161.89305046407014,141.50395986921035
2.420057909563184,-0.7955989837646484,4.111459158944193,0.35241194014441213,1.4999609149143147,190.99761466537007,158.91536429864243,146.83803758118836
2.4378248378634453,-0.7968355417251587,4.180890749217621,0.34067116959750554,1.4931787804469936,189.58238964579277,159.84283963340886,150.62036097024264
2.455775164999068,-0.7935060262680054,4.124752294910094,0.3551094035771164,1.5101545426101057,187.4005898932408,162.31950660951304,153.82922279438333
2.473891858011484,-0.7719120979309082,4.067871348847936,0.43594070710649446,1.5874596864239152,182.026611781353,162.65748386191586,150.63379770644065
2.491737022064626,-0.7916264533996582,4.080623072927081,0.33544953494841123,1.4807310212025815,193.6158594051608,158.21080503611626,145.2863990571978
2.5094353770837188,-0.7807919383049011,4.1773880299996335,0.3109911726540987,1.481311307036835,191.178273878278,156.26559701604413,153.8945837406763
2.5272445091977715,-0.7920112013816833,4.133459395770498,0.3342531026776208,1.4943985151370158,190.79606159331325,157.67246037805063,150.7969277728098
2.5451068012043834,-0.8029764294624329,4.159080868003079,0.31583388278366675,1.4294552562507161,191.8387908819273,163.86237946947955,148.10789399171006
2.5627789264544845,-0.7847253680229187,4.214446131878436,0.28227061785881524,1.362814498650068,193.03783822318815,168.22341115297502,148.07823140914763
2.5804244289174676,-0.7797348499298096,4.230809069818206,0.29284248600757745,1.4293076486148824,190.86028030533657,156.88406021737916,148.61896693158735
2.5984490113332868,-0.7931693196296692,4.074379883076073,0.36077736731665255,1.504472235937643,190.79564717819346,161.13694359182853,147.98155410338114
2.616288434714079,-0.7908635139465332,4.170730796855818,0.3332208059362134,1.502210658528762,189.67365496186414,164.6070745639613,158.3507738728859
2.6339460434392095,-0.7978451251983643,4.148130920419946,0.3367849413765211,1.4938045252298024,190.1726056974011,162.55728184184704,153.89391682725335
2.6517202919349074,-0.795475423336029,4.1929416308720215,0.3456937541612831,1.494423597334844,186.57950222479548,164.25299880525967,156.45689309606234
2.6695002168416977,-0.8020596504211426,4.159932719729112,0.35070373692662754,1.480764464133019,187.99378024713712,166.98485627239495,152.83301948820116
2.6870752088725567,-0.7895343899726868,4.2475298446412175,0.32082159549092093,1.4627881527308508,187.0602390185714,165.46967728547253,157.26554828590315
2.7048898320645094,-0.7979511618614197,4.117667373467359,0.3507884243602196,1.4940512151359449,189.86179513828796,162.22012701523954,150.30255264901166
2.7226823354139924,-0.7983887791633606,4.1947957923262855,0.3250492328248249,1.4517380702336675,191.27569805187312,164.2539877363635,150.24232287977708
2.7406307831406593,-0.7982385754585266,4.127224510182445,0.3275833751285053,1.453240506475204,193.6621843293443,162.32082518431815,145.54312917266964
2.7586358366534114,-0.7991134524345398,4.121386645491787,0.32824336153594946,1.4411725653724576,192.0192284695309,167.55697953980535,149.68725069929837
2.7766403602436185,-0.799335241317749,4.145231715980077,0.32928239647674346,1.4230028339705336,192.04455334196578,166.50910323068666,145.01147279963595
2.794520172290504,-0.7938416600227356,4.184883377103569,0.30811023753188627,1.3990733503425874,193.08294996897155,168.27591679577654,146.8391436947524
2.8125716047361493,-0.8019546866416931,4.134471374376412,0.3401188776531363,1.4703067489376056,190.66708384595887,163.7340744603738,149.43670041044686
2.830422860570252,-0.8042821288108826,4.177741861786473,0.33549378760514414,1.4455728064907958,188.28419395012008,168.64630171871647,152.8964242503535
2.848235501907766,-0.7957800030708313,4.203000537588489,0.3394489938434635,1.4417389564985914,185.59519876050797,171.80903998591566,156.5730717891954
2.8661796813830733,-0.7951039671897888,4.104485936129361,0.34150944816893103,1.445020154818042,189.67351219367356,168.1772438274554,149.08193100010487
2.8840031092986465,-0.8040229082107544,4.172218328277054,0.3291642866608514,1.450058591379761,190.87515158732322,165.23480175913647,149.952224909859
2.9017804423347116,-0.8034966588020325,4.194838977225615,0.3386222944994405,1.458547668348353,188.54862281527994,164.10019276379057,149.72532791743714
2.919581917114556,-0.7972486615180969,4.187529660485839,0.34069655889954537,1.4885656778762166,187.3579877672831,164.34509891727726,155.97239085636664
2.9373781252652407,-0.8041279911994934,4.155806202106517,0.33213593708244393,1.4393935449469544,190.8729119482951,165.96810215233432,147.7517023138186
2.9551761290058494,-0.8016311526298523,4.2054016113328725,0.32719909753292165,1.430957361578928,188.80406663073535,167.8648035849103,150.98549721334632
2.9729786785319448,-0.804099440574646,4.152203933615527,0.3368889326230826,1.460469402097936,190.201329542153,164.76675674150792,149.82389961117173
2.990783555433154,-0.7992275953292847,4.1773640039423094,0.31200930349158223,1.413734625705153,192.2132199945624,163.87465526259342,146.58613817658215
3.008620548993349,-0.8045430779457092,4.164290540782412,0.3410301285678662,1.4640070045260525,189.04864018399343,166.20730601994455,151.2712991602964
3.026396483182907,-0.8027260899543762,4.179952413261455,0.35527790622927613,1.4765610830125677,187.43815912712756,167.7787742489972,152.36573206260215
3.0440248753875494,-0.8047966361045837,4.164298754317673,0.3256948886450691,1.4412317129411791,190.73863294322737,164.84147816435896,149.1723535094331
3.06184902228415,-0.8017627596855164,4.134014229736271,0.328180359228712,1.4416966857792066,191.45833056975744,167.78805608820903,150.56397333420705
3.07956179138273,-0.8050562143325806,4.1796327903532795,0.33601181068175834,1.4543349227060665,189.27604975389931,165.0221585948952,149.9349892716296
3.0973301250487566,-0.8040132522583008,4.159106366043574,0.33992087507427016,1.4516112065232338,188.5987678532395,166.58256603811606,150.33133112904198
3.11498408857733,-0.8052065968513489,4.168940337718684,0.33185343376420606,1.450446745165629,190.30605565380228,165.57174282888138,150.04700146465476
3.132921854034066,-0.8049254417419434,4.18469956207282,0.3305177294924134,1.4378595101609561,189.3074986022929,167.31893975153568,150.53402371222364
3.150837754830718,-0.8029001951217651,4.190728413570597,0.33473132250304183,1.4584240223832723,188.11411174748332,166.5678735404431,153.5336614757117
3.1686917198821902,-0.8053575158119202,4.164536754972538,0.33278478343759343,1.4441511643060339,190.18321189809217,166.11804499936153,149.1971921042919
3.186602458357811,-0.8029108047485352,4.16439105161933,0.3304704705911581,1.4517708801111766,191.33583572831577,163.04692173427594,147.15586215715632
3.204558120109141,-0.805314838886261,4.174404159244688,0.3342379583516476,1.4471223248958909,189.04710439466902,167.24645672260635,151.4612837270542
3.2224891474470496,-0.8037477731704712,4.181213578777481,0.3226700728896964,1.4277084555325321,190.57087756466763,165.83230100060183,148.84431543613272
3.2403697771951556,-0.8054172396659851,4.16852130028118,0.33644011464832374,1.4549323672776724,189.42919952916196,166.11355476510886,150.6645532292555
3.258212845772505,-0.8048939108848572,4.182612880563391,0.34158705481357843,1.455050631896237,188.4444070007452,167.6221543897707,151.44066099360344
3.276084754616022,-0.8053308129310608,4.178034349001962,0.3376140132714511,1.4515959021574725,189.01796348636577,166.9269853334178,150.87358412256086
3.293902291916311,-0.8045913577079773,4.159990335117956,0.33912964189258,1.4630016320086323,189.7790296363706,165.014041329888,150.19217759425868
3.3117067283019423,-0.805499792098999,4.178522255334103,0.3326707075924551,1.444145040622875,189.4253813608123,166.74271514612377,150.44856218273242
3.329565812833607,-0.8050413131713867,4.1646869284977726,0.33252185967346737,1.443129592102458,189.86025568706856,167.88434133693806,150.96240300522027
3.3473789310082793,-0.8053934574127197,4.175896324889402,0.3351393229296856,1.4515335900551642,189.4221012371916,165.73770428040592,150.19184270502728
3.3652658257633448,-0.8052998781204224,4.177698043522607,0.3377755329795128,1.4473800512727406,188.53559831496204,167.39007758679338,150.89867122565263
3.383095281198621,-0.8055303692817688,4.1755086170716265,0.33629500817568614,1.4481467247459627,188.9782126496721,166.93549389731538,150.68575378540316
3.400960405357182,-0.805388867855072,4.172602374605583,0.3360766916667508,1.4510459381591692,189.77158565909627,165.61170941797144,149.2258789827028
3.4188067577779293,-0.8054447770118713,4.167161526716184,0.33218819621204715,1.4463890395648198,190.0519339583097,165.49275550201116,149.2643435405768
3.436987237073481,-0.8052772879600525,4.181534044660154,0.3368185636373895,1.4545797358358543,188.84292623332243,166.09326600361732,150.96311937094077
3.454646995291114,-0.8056350946426392,4.168786077394442,0.33379322848754245,1.4467583071884889,189.84814048189975,166.11185025042548,149.63867392095412
3.472413378767669,-0.8054665923118591,4.17219632595673,0.33276550101516256,1.4462557516591583,189.2800707465862,166.76631519582543,151.0720308052803
3.4901537178084254,-0.8056907653808594,4.167669042695351,0.33291159578072005,1.4440088202978276,189.58221167162242,166.9831906385308,150.39946311637345
3.5078888442367315,-0.8051568269729614,4.163555401598327,0.3317977322062373,1.4402464354191595,189.66226688883785,167.60593381759327,150.50327332204654
3.525627076625824,-0.8054892420768738,4.174759981441632,0.330434631106214,1.4369688607487048,189.62611742713892,166.8972187783018,149.83838922118463
3.5434207348152995,-0.8052083849906921,4.178652573248446,0.33410202784054627,1.442372128856186,188.8614441542676,167.98617246682971,151.4299474700659
3.5613083969801664,-0.8056873083114624,4.17003428834925,0.33266665411917196,1.4453848118876613,189.75431150729918,166.11610974321582,149.80574452294906
3.579260066151619,-0.8054590821266174,4.172897094805405,0.33349177407210073,1.4422151035046817,189.791387619562,166.4958776221456,149.20016477791864
3.5971709629520774,-0.8056434392929077,4.172371518168898,0.3329470692793971,1.4452455896205392,189.40789996483016,166.69870580240547,150.60406429843988
3.61515396181494,-0.8054659366607666,4.169537284896258,0.3366601233721102,1.45426090403908,189.37260178490635,166.29880304770376,150.68903138776602
3.633048471994698,-0.8056341409683228,4.173454307305288,0.33199100417268806,1.4412918715712986,189.5627385165808,166.7476148456523,150.05104976282996
3.6509347083047032,-0.8053972125053406,4.164085694994181,0.3341974790792802,1.4461336678143843,189.61912356982248,166.45493991305796,149.94635428625077
3.6687238635495305,-0.8056841492652893,4.174913115249122,0.3330524004641614,1.4446421974207524,189.47381691306487,166.67077133785733,150.323010208612
3.686535437591374,-0.8054217100143433,4.166900832649159,0.3294923092588742,1.4409638079162264,190.23149370209367,166.17392030871366,149.588248157983
3.7043520295992494,-0.8056422472000122,4.17335667096601,0.33459433344648315,1.4463509955385287,189.29153291277748,166.74510050016494,150.41137737854814
3.7222002018243074,-0.8055862188339233,4.16892259696907,0.3346640896864706,1.4495050357466341,189.5565659672505,166.36096124521433,150.34306138579558
3.739995972253382,-0.805656373500824,4.172321379721234,0.3326592755511337,1.4433451626151323,189.5611953792482,166.6509514455428,150.12405266857138
3.7578899022191763,-0.8055192232131958,4.174769260988848,0.33248388105948,1.4429008852716585,189.17551563438104,167.17642623881355,150.9172301435439
3.775699056684971,-0.8056453466415405,4.170281873293043,0.33346589163052687,1.4457939517092813,189.67998427002007,166.3779942475225,149.95831297660158
3.7935529593378305,-0.8056002259254456,4.169173734859623,0.3313066288285539,1.4431225156452032,189.8616069892508,166.42080723819328,149.9935052186343
3.8113672798499465,-0.8057083487510681,4.172310936939413,0.33377240729200086,1.4455438755651975,189.4340514318958,166.66402718467202,150.30690933856968
3.8292655013501644,-0.805620014667511,4.170138693913573,0.3332290056665079,1.4443273502114111,189.75395709288665,166.45564239670824,149.70176664545255
3.847073880955577,-0.8056944012641907,4.171813312105067,0.3330175533761748,1.445016029768257,189.4944142468443,166.63793995098115,150.37848988519306
3.864835570566356,-0.8056646585464478,4.172738818393435,0.332560737230594,1.4435196808089947,189.4200161133048,166.86300251941077,150.48757693682126
3.8825780330225825,-0.8057037591934204,4.170838458189312,0.3333345072031405,1.4460266426344313,189.49174524876224,166.6607290126798,150.44301200093474
3.900422314181924,-0.805648922920227,4.169787566115738,0.33369096884786253,1.4466877783823806,189.6568342265248,166.38125343656822,150.0646327540561
3.9181193690747023,-0.8057020902633667,4.17200100532401,0.3328432951349111,1.4443117052023413,189.4792206416098,166.74256524870015,150.38184089112997
3.9358805818483233,-0.8055943846702576,4.16664256595168,0.3331296038378784,1.4454550976978198,189.604834669613,166.59741592173594,150.24880970977136
3.953560369089246,-0.8056926727294922,4.172845477924762,0.3330717013075907,1.4448454224900193,189.5065713522019,166.652432483827,150.30446008390186
3.971332311630249,-0.8055336475372314,4.172458456043389,0.33365036591234076,1.4445326867650303,189.2417600236796,167.33085176324784,150.93231391575188
3.9890098962932825,-0.8056593537330627,4.170640330272784,0.33291258206746416,1.4451717806070037,189.6261736363943,166.4197952482238,150.08738687114976
4.006699851714075,-0.8057032227516174,4.171574697564362,0.3335534572475707,1.4457852590998144,189.46289834032902,166.6623780986759,150.37496066975223
4.024469185620546,-0.8057118058204651,4.172155971131712,0.33330785121345596,1.4449277903837694,189.4566360367528,166.70329621668608,150.3443751148498
4.042158339172602,-0.8056994080543518,4.17206212452224,0.3333949803340878,1.4452799526667273,189.46423283937003,166.6509835678266,150.34269961188136
4.05984737817198,-0.8057023286819458,4.172578207432087,0.33342205429979577,1.4451946490276084,189.47031139204884,166.6582298342495,150.30568471123576
4.077542855404317,-0.8057226538658142,4.169989989817382,0.33334200153636045,1.4447763479315126,189.5081315517591,166.8236089116014,150.35318622747155
4.095226560719311,-0.8056670427322388,4.171172612644331,0.3332195307055864,1.4454643437264294,189.5941814695975,166.39006846394392,150.05632693075938
4.11304743681103,-0.8056524991989136,4.1723846964914015,0.3337113866021708,1.4450382811651137,189.33790572778773,166.9974394739599,150.61961162716074
4.130744107067585,-0.8056852221488953,4.171475633606098,0.33334249467973254,1.4453578280861006,189.53011253414505,166.54191121644791,150.1971481048597
4.148556764237583,-0.8056915402412415,4.172081675529634,0.3335884226280247,1.4451447968054425,189.40197466324017,166.8455967214559,150.4787904530604
4.166445777751505,-0.8056992888450623,4.17193016504875,0.3335269406409517,1.4451980546256071,189.4340091309664,166.7696753452039,150.40837986601025
4.184421511366963,-0.805707573890686,4.171627144086982,0.33340397666680555,1.445304570265936,189.49807806641883,166.61783259269993,150.26755869190987
4.202399869449437,-0.8057163953781128,4.1713501911350725,0.3335389357512419,1.4452308780912182,189.47913610036483,166.725474045035,150.30819197271495
4.220449723303318,-0.8057154417037964,4.170424769459554,0.3335508222693493,1.4453282580848748,189.4759991171246,166.7406425155406,150.34604262718693
4.23841327894479,-0.8057194948196411,4.17104496995901,0.3334185409955005,1.444585314341022,189.48777909444297,166.7625823900691,150.26712732114873
4.256303712725639,-0.8057198524475098,4.170798465393733,0.33357287635249755,1.4448262511999288,189.4491663776945,166.8553778285015,150.3743855087373
4.274148575030267,-0.8057405352592468,4.169610515359409,0.3331379354141344,1.444347737778911,189.51823132748382,166.87296678447257,150.35752691880006
4.291927924379706,-0.8057056665420532,4.168260304569408,0.3328206994752012,1.4437496688857676,189.56032127527783,166.97743658437287,150.38283570891525
4.309783265925944,-0.8057199120521545,4.168916995909674,0.3335458528929054,1.4447704720920527,189.51617848620384,166.89025460838727,150.32444507717003
4.327636264264584,-0.8057332038879395,4.170145606398538,0.3333012253781974,1.4441840757266737,189.5102085288585,166.90277900714844,150.31557838149394
4.345491765998304,-0.8057087659835815,4.168818656477509,0.33323387510529007,1.4439325215988157,189.51742902178273,166.97704913169179,150.3558911722256
4.363300626166165,-0.8057274222373962,4.170717307470682,0.33346267058975393,1.4449062889681175,189.4887093307193,166.7883678166992,150.3201167725926
4.381171368062496,-0.8057078123092651,4.169014656824129,0.3333689797257826,1.4446850768913766,189.50909610646332,166.94853592886773,150.41461897427308
4.398994009010494,-0.8057299852371216,4.17053739167529,0.333406150678071,1.4446102549786106,189.49310834744807,166.80907077476877,150.30400023442982
4.416863684542477,-0.805748701095581,4.169174136816591,0.3331590691439765,1.4443721412920305,189.56235614646306,166.84030480585773,150.28389902858197
4.434652769006789,-0.8057366609573364,4.16836197252802,0.33295216553971607,1.4441450863380814,189.61895103084737,166.83276829453587,150.23865578850427
4.452518183737993,-0.8057159781455994,4.1711413199362894,0.3330571646872592,1.4442951434665656,189.51073659137347,166.78877809179542,150.32032411061994
4.47020636126399,-0.805736780166626,4.1694730769163275,0.3334236808414939,1.4446516399356808,189.51481801249625,166.86488547923932,150.3234148355325
4.4879787266254425,-0.8057384490966797,4.169896021728229,0.33328824247884853,1.444247698295162,189.52101234606386,166.86918264446058,150.28165916300543
4.505734098143876,-0.8057346343994141,4.1688949421607795,0.3331094307218199,1.4438982270342384,189.5512022388852,166.93136201528327,150.30190941468868
4.523534355685115,-0.8057197332382202,4.168527374784667,0.3330670439814192,1.4439569183756218,189.5661678526355,166.9514228040519,150.31732901293773
4.541220381855965,-0.8057326078414917,4.170034887452634,0.33332137400390804,1.4444469208278634,189.51137322374493,166.84465878208954,150.3073324290568
4.558963088318706,-0.8057469725608826,4.169029879007323,0.33315182065558213,1.444120252526369,189.54790297633863,166.91583479673113,150.31399681831076
4.576709509827197,-0.8057283163070679,4.168547250931015,0.3331221677070877,1.4443618232274562,189.56163248705175,166.86206650153312,150.30522367814586
4.594391144812107,-0.805738627910614,4.169746017531658,0.33325646096041994,1.4442285126018692,189.5230645184068,166.89260088074462,150.31298970565692
4.612162319943309,-0.8057280778884888,4.170081606959064,0.33336297244299856,1.444757767109102,189.51125953686562,166.82056311521873,150.32258607527388
4.629840461537242,-0.8057503700256348,4.16919160836035,0.3331728161521146,1.4441131120529542,189.54121656338032,166.90366229026714,150.30707857983498
4.647592693567276,-0.8057568669319153,4.169409649351525,0.33296510076019825,1.4438248449134181,189.55644328021597,166.89996525493854,150.2956352358642
4.66527362819761,-0.8057464361190796,4.169377935569123,0.3327358107195504,1.443411447402287,189.5772559140758,166.91750514278817,150.28174543603006
4.68301984295249,-0.8057277202606201,4.168824580414056,0.3329928252166267,1.4440878354266884,189.56205925803232,166.9059289598767,150.3420495993442
4.70077514834702,-0.8057482242584229,4.169628161399686,0.3332143881632931,1.4442077325780436,189.53127407405597,166.87836922331462,150.29675677209013
4.718529786914587,-0.8057445883750916,4.168935299233302,0.33301058246934634,1.444100094445373,189.5627436042391,166.87776683778264,150.3053080788371
4.736275878734887,-0.8057297468185425,4.168845729363516,0.33308665703403595,1.4438983214904857,189.58241422074713,166.8990009518247,150.2433645857063
4.753965551033616,-0.805748462677002,4.169419318860436,0.33312511581910975,1.4442353837068045,189.53427705079963,166.8794753263106,150.32898633552662
4.771755574271083,-0.8057416081428528,4.169682285365333,0.3332521877620783,1.4441910612445006,189.5284130928454,166.89477039469062,150.3034761778991
4.789654090069234,-0.8057548403739929,4.16912204576631,0.3330709837925293,1.444122836145155,189.55416097639068,166.88201772700964,150.3048501036026
4.807637917809188,-0.8057497143745422,4.16961842784431,0.33308400395482496,1.4441717643697656,189.54533972076322,166.8454300791683,150.29173853352276
4.825635098852217,-0.8057442903518677,4.169016900933487,0.3329779750442914,1.4440722949153324,189.56665717194826,166.87191593786935,150.30730583355427
4.843568870797753,-0.8057506084442139,4.169475346283136,0.3331552848835426,1.4441738731623657,189.54011984852906,166.8767559019533,150.29939403745618
4.861569792032242,-0.8057473301887512,4.169244419280304,0.3330773037432856,1.4440241402717584,189.56560179444773,166.8699033600876,150.26521217076095
4.879386721178889,-0.805751621723175,4.169375593965404,0.3331131628001537,1.4441825728480429,189.54210823671167,166.87708233475485,150.31304279433522
4.89724912494421,-0.8057491779327393,4.169556753707087,0.3330280483038113,1.4438241932052036,189.53077339553397,166.9213330568395,150.32001406629
4.915035738609731,-0.8057532906532288,4.169461099484463,0.3330608035138526,1.4439611802269103,189.53866908326623,166.90107599409407,150.310985306863
4.932874059304595,-0.805745005607605,4.169060019892751,0.3330953800126387,1.4439543754131834,189.54556627540134,166.93475642183756,150.31859015246263
4.950646149925888,-0.8057524561882019,4.16947882585642,0.3330868479692784,1.4441174171306201,189.54539635942274,166.8677616648356,150.29845143825773
4.9685952654108405,-0.8057547211647034,4.1695825785420695,0.3329779117544037,1.4440144627558835,189.55108269813178,166.86455733559487,150.3003743922913
4.986473239026964,-0.8057539463043213,4.169334584705595,0.332936318646596,1.4439005648443106,189.55583369618392,166.8873975351226,150.30838571961516
5.004345973022282,-0.8057562708854675,4.1694206672700584,0.33291949267879906,1.4437978624907233,189.55842046115873,166.89050950244365,150.2931846044961
5.022210679017007,-0.8057525157928467,4.169298049183586,0.33289002241284776,1.4437564999948465,189.5594737056931,166.9074127848989,150.3060203493197
5.040040887892246,-0.8057553768157959,4.169343243351795,0.3329392288019555,1.44384672927879,189.55595436912552,166.89750000488306,150.30412812155419
5.0578995160758495,-0.805752158164978,4.169276490177987,0.332875541964308,1.4438745865825167,189.57196274380263,166.87290645923673,150.29120075227817
5.0757072968408465,-0.8057544827461243,4.169414947157844,0.33301448812646645,1.443939531815812,189.54699249840033,166.89403361037972,150.30603916821678
5.093453819863498,-0.8057567477226257,4.169429792440939,0.33302608332485484,1.4439481909556169,189.55185106495708,166.88879694329393,150.29301815572654
5.111184919252992,-0.8057575821876526,4.169354378416387,0.33295177891111377,1.4439121103640502,189.56231178492627,166.88041531234148,150.29102436962825
5.128864576108754,-0.8057562708854675,4.169324094045658,0.3329204243034375,1.4438983996381691,189.56997142818926,166.8736061633224,150.28351697033395
5.146616691723466,-0.8057476878166199,4.1691106803236,0.33297964433541316,1.443803061960034,189.56196461412623,166.91517757937524,150.29357247133265
5.164295053109527,-0.8057575821876526,4.169464603987452,0.33297834489965605,1.443961612556921,189.5538031771304,166.87721239653996,150.29867391205164
5.182242170907557,-0.8057543039321899,4.169685399173076,0.33285569266632986,1.4436409473746843,189.55876706944724,166.89611541113723,150.28703802950437
5.200182743370533,-0.8057569265365601,4.169262884118002,0.33301716101097945,1.4440023639525372,189.5553124996548,166.88554214804154,150.30039708507803
5.218147810548544,-0.8057567477226257,4.169437415176327,0.3330134250599116,1.4439689324656326,189.5567597202222,166.87664718098335,150.28651633272744
5.236124051734805,-0.8057566285133362,4.1693655738934865,0.33306447197677225,1.4440748225786684,189.55374004787677,166.87901690960268,150.29523709252925
5.254029147326946,-0.8057578206062317,4.169379347237629,0.333028227152279,1.4440055825566822,189.55491015119728,166.8818900578129,150.29472397052098
5.27205391600728,-0.8057537078857422,4.169329470007652,0.33297547362644886,1.4439159693007757,189.5547842658051,166.8946268566728,150.3046412435624
5.289823917672038,-0.8057580590248108,4.1694104288841585,0.3330039372015459,1.4439556916744185,189.55626585661793,166.88114209990573,150.2910475604362
5.307718888856471,-0.8057552576065063,4.169330638224114,0.33295543332040267,1.4439392110503926,189.5611645182904,166.87992547989944,150.29748255546656
5.325534703209996,-0.8057582378387451,4.169405003886732,0.3330084208237418,1.4439459459793107,189.5541794282904,166.8865790774453,150.29413425566156
5.3433830961585045,-0.8057583570480347,4.169349232825262,0.3330308559062404,1.444102924114555,189.55581768572304,166.86429510909045,150.29436514859464
5.361172023229301,-0.8057570457458496,4.16931902456213,0.33306373347926144,1.4442419637151236,189.5555048884766,166.84646003616638,150.29373010495988
5.379039910621941,-0.8057577610015869,4.169524780961206,0.33298336062054634,1.4439589251294427,189.55711686164034,166.87163586967043,150.2875926538864
5.396902270615101,-0.8057553768157959,4.169343120083006,0.33302384863883305,1.4439987807158992,189.55973074566808,166.8781067788821,150.28562207419105
5.414696690626442,-0.8057593107223511,4.169434233011341,0.33298972083445033,1.4439709045966655,189.5552850692648,166.8774359921255,150.2954109525865
5.432661280967295,-0.8057554364204407,4.169479963852388,0.33306306193515417,1.4440678809863081,189.5488798993184,166.8739107563419,150.29473381093385
5.450458385981619,-0.8057585954666138,4.169385774775387,0.33297959966712387,1.4439510530196147,189.55895381352428,166.8787891733416,150.29195172995463
5.468341085128486,-0.8057571053504944,4.169263225912298,0.3330302265745807,1.4440184421843059,189.55468713989887,166.88507463357004,150.29961855203175
5.486037866212428,-0.8057584762573242,4.169459392198979,0.33299507710905496,1.4439738043931585,189.55650943120497,166.87499556064535,150.29059912842274
5.503801487386227,-0.8057595491409302,4.169435341289659,0.33297431002844013,1.4439611920358915,189.55742694367788,166.87252227970507,150.29111228803112
5.5214898660779,-0.8057595491409302,4.1694633383156745,0.33294735146652066,1.443938996775496,189.5586853399182,166.86783839065112,150.2893064467862
5.539228501729667,-0.8057591319084167,4.169412563778294,0.3329887242548046,1.44401291637198,189.5564582672772,166.87039696421203,150.29481027398083
5.556979826651514,-0.8057583570480347,4.1694205087395755,0.3329776751096297,1.444044985531311,189.5593043086003,166.859565948928,150.29194891819526
5.574649812653661,-0.8057583570480347,4.169416632526365,0.3329853615381577,1.444020225643311,189.55802308852284,166.86631923105733,150.29249525256182
5.592415113002062,-0.805759072303772,4.169408880099943,0.3330007343952138,1.4439707058673108,189.55546064836787,166.87982579531598,150.293587921295
5.610377427190542,-0.8057595491409302,4.16949616222594,0.3329451995234556,1.443843934646985,189.55754703871597,166.88702681269143,150.29145894949562
5.628363998606801,-0.8057583570480347,4.169398259527876,0.3329643524587744,1.4439297644529905,189.55720116240434,166.88033677848517,150.29551157669187
5.646257845684886,-0.8057595491409302,4.169444109031203,0.33298739594648485,1.4439627944081166,189.5566823640048,166.8763308651053,150.29182724049002
5.6642334926873446,-0.805758535861969,4.169491321703408,0.33298242866049266,1.4439564296227014,189.55399963024524,166.87572372971016,150.29411747867175
5.68214095197618,-0.8057594299316406,4.169412161507392,0.3329803069154661,1.4439523971703863,189.5577152677045,166.87802281243376,150.2924931671339
5.700103156268597,-0.8057599067687988,4.169469310181333,0.3329544847724867,1.4439306738760307,189.5582443351805,166.87408611344165,150.29211636927766
5.717899478040636,-0.805759072303772,4.169499525222028,0.3329313599611231,1.4439106578803904,189.5596361785868,166.8712162725045,150.29138059326897
5.735795023851097,-0.8057596683502197,4.169484541970662,0.33295508175212324,1.4438610492060455,189.55784207223894,166.88474466095556,150.2899960483574
5.753653956577182,-0.8057605624198914,4.169479642390723,0.3329425388117019,1.4438664425178198,189.55986760457603,166.88014185598544,150.28759040167535
5.7714690044522285,-0.8057602643966675,4.169502347080414,0.3329189478003276,1.4438142114783967,189.56215887223163,166.88149478791541,150.2836801262198
5.789313388057053,-0.805759847164154,4.169524207522448,0.33293936336276464,1.4438562983932433,189.5581548517602,166.88026138352774,150.2888739319751
5.807162740267813,-0.8057594299316406,4.169518959495719,0.33291626347050585,1.443810402483889,189.55967858471178,166.8832635036637,150.28855542244736
5.82495419960469,-0.8057601451873779,4.169462821647333,0.3329696128274901,1.4439246964270596,189.55743141918157,166.8780640247449,150.29100928597936
5.842796688899398,-0.8057593703269958,4.16945579277478,0.3329665976615467,1.4439561828383787,189.5587753701557,166.8695799600954,150.28877382560307
5.860596174374223,-0.8057602047920227,4.16948606986315,0.3329505490579784,1.4438719966948335,189.5578541215759,166.8826650995424,150.29078766852248
5.87845800537616,-0.8057592511177063,4.169533523235557,0.33292956683307484,1.4438091936691193,189.5590378578265,166.88746543302753,150.28901228056463
5.8962451023980975,-0.8057600259780884,4.169459886776133,0.33296312422959884,1.4439231924441984,189.55782967221504,166.87625806803567,150.2905872861645
5.9141037268564105,-0.8057602047920227,4.16947610415638,0.33295147593521696,1.4439300509116832,189.5586185959241,166.87241418747033,150.2903255995074
5.931976625695825,-0.8057596683502197,4.169420404149237,0.33297123184872635,1.4439593858972986,189.55846039779078,166.87428173287907,150.29193160506713
5.949752563610673,-0.8057602643966675,4.169498256679145,0.33294733048425507,1.443882070269257,189.55823123826787,166.87876647086557,150.2896383502481
5.967610497958958,-0.8057603240013123,4.169484950322954,0.33295372567626047,1.4438688092122531,189.55836654873306,166.88201712210645,150.2878631614214
5.98545160703361,-0.8057608008384705,4.169502728243762,0.33294195336803545,1.4438581629001035,189.55896017053786,166.8817648522027,150.28848420295355
6.003226011060178,-0.8057606816291809,4.169524148977576,0.33293136793725375,1.443825648128056,189.55952541969924,166.88451824428626,150.28743266134808
6.021071727387607,-0.8057607412338257,4.169513095571373,0.332926244950326,1.4438344810749237,189.55986800735673,166.88119250464604,150.2872205087967
6.038917155005038,-0.805759608745575,4.169512143533988,0.33293597151430204,1.443797269978047,189.55909730109175,166.88976844764585,150.28686916503182
6.056687810458243,-0.8057604432106018,4.169485114000782,0.33294759982998823,1.443896855678274,189.558738272216,166.87675275251422,150.28946149088853
6.074534019455314,-0.8057608008384705,4.16950185920643,0.332935915315544,1.44386361052271,189.56015649231998,166.87754675323106,150.28596503680544
6.0924655282869935,-0.8057610392570496,4.169490873232861,0.33293532883303023,1.4438473836994374,189.56042112697872,166.88103880936308,150.28588991726556
6.110236962325871,-0.8057609796524048,4.169487181509718,0.3329293280074178,1.443830040414528,189.56151607133415,166.88217497861183,150.28401570077432
6.1281449450179935,-0.8057608008384705,4.169506153892356,0.33292280135994823,1.4438535029188364,189.56097067592876,166.8774620538744,150.28700735804028
6.14599687885493,-0.8057605028152466,4.169513003511719,0.33292066104954043,1.4438110055330031,189.5613430870167,166.8829628572534,150.2845909842904
6.163810812868178,-0.8057607412338257,4.169506031133984,0.33292739574465235,1.4438324680693209,189.5606918833165,166.8814103310686,150.28580861093994
6.181659961119294,-0.8057605028152466,4.1695272713695335,0.33292067437881023,1.4438300938772912,189.5604885142368,166.8799965788099,150.28586814325848
6.199453909881413,-0.80576092004776,4.169491549635426,0.33293707270347894,1.4438573553576877,189.5600228319912,166.88010553669156,150.28715983707113
6.217318546958268,-0.8057608008384705,4.169496055460085,0.33293904309880185,1.4438723640885789,189.55944121838792,166.87829317226772,150.28810034270427
6.2351949866861105,-0.8057607412338257,4.1694833109855995,0.3329444599426202,1.443882978754194,189.56012283135806,166.87754455456417,150.2869817228167
6.252993390895426,-0.80576092004776,4.16950564942493,0.3329307986983996,1.4438466054947412,189.55993171335706,166.88028051712558,150.2871608123017
6.27085567638278,-0.8057608008384705,4.169503549085171,0.332928913660677,1.4438365095425933,189.56071311864991,166.88110633522837,150.28578871210826
6.288746605627239,-0.80576092004776,4.169497928866356,0.33293651073927066,1.4438634004520825,189.55975919345343,166.87899646300787,150.28752243505528
6.3065602369606495,-0.8057606220245361,4.169490708977567,0.3329497251926381,1.4438586698900846,189.5587798336173,166.8824489233329,150.2870533891106
6.324255207553506,-0.80576092004776,4.169502292663658,0.3329295323181207,1.4438547946616485,189.56042296535088,166.87870877123902,150.28701886580785
6.342004384845495,-0.8057610392570496,4.1694951481492355,0.33293448357123456,1.4438456236658568,189.55968284156975,166.88275156331218,150.2884469866796
6.359779587946832,-0.8057608008384705,4.169491752413727,0.3329259555864761,1.4438468915437148,189.56112005369587,166.87886236804377,150.28591541510679
6.377471131272614,-0.80576092004776,4.169499984286253,0.3329379539226456,1.4438553450610063,189.55950014132736,166.88103923116296,150.28784200599188
6.39521421212703,-0.8057609796524048,4.169494496371236,0.33292995503186595,1.443849709382812,189.56058008290637,166.87958798908352,150.28655761206846
6.4131726529449224,-0.8057609796524048,4.1694895892296895,0.3329385175409726,1.4438485646892243,189.5597096314013,166.88221152162225,150.28722700100604
6.4311166778206825,-0.8057608008384705,4.169491173148105,0.33293220805372337,1.4438350136445042,189.5603568826147,166.8829955160582,150.2866249537422
6.449065205641091,-0.80576092004776,4.169496239936793,0.3329354350678838,1.443856303750188,189.55990861574375,166.87999622627046,150.287298064727
6.46695825830102,-0.8057610392570496,4.169493010691048,0.3329349062021324,1.443846503682647,189.56005198427425,166.88189518633763,150.28716845197258
6.4848472233861685,-0.8057608008384705,4.169492684802048,0.3329326419324481,1.4438485465411248,189.56050060494255,166.8803133992233,150.286223764667
6.502746490761638,-0.8057610392570496,4.169490231231276,0.3329369231870014,1.4438479741943309,189.56006537919,166.88162516549266,150.2865584591358
6.52052394207567,-0.8057608604431152,4.169491211434144,0.3329362007682546,1.4438523695285626,189.56022197948496,166.8805721730273,150.28652487716835
6.538289608433843,-0.8057610392570496,4.169498261328895,0.3329330637657149,1.4438469945970893,189.5601764201679,166.88065966324433,150.28652536478364
6.556136992760003,-0.80576092004776,4.169494401049608,0.33293591978615045,1.44385539207576,189.56009016021608,166.88001763618547,150.2867061761604
6.573994537815452,-0.80576092004776,4.169493311520563,0.3329381389149799,1.443850326051484,189.55984174516146,166.88162281199348,150.28690065082844
6.5918903816491365,-0.8057610988616943,4.169495484917274,0.3329352261280819,1.44384582190502,189.55999362584456,166.8817142511782,150.28672479621378
6.609701983630657,-0.8057610392570496,4.169497621658838,0.3329347388079955,1.443842548093249,189.55987944902432,166.88228529025366,150.28682475573646
6.627585416659713,-0.8057608604431152,4.169494109296425,0.33293231705239057,1.4438463639999441,189.5604244870624,166.88069409194028,150.2862904043488
6.6453747898340225,-0.8057610392570496,4.169493510964529,0.3329366834493326,1.4438493355385988,189.55998743063668,166.8813906319802,150.28674808920852
6.663235805928707,-0.8057610392570496,4.169492723072354,0.33293479073561405,1.4438392791299477,189.56014182881466,166.88275693301318,150.2864988500329
6.681021518073976,-0.8057610392570496,4.169493142566667,0.33293507299824815,1.4438433073664008,189.560128911665,166.88207210880626,150.28655068156476
6.698886684142053,-0.80576092004776,4.169493981555295,0.33293563752351635,1.443851363839307,189.56010307736574,166.8807024603924,150.28665434462854
6.716557393781841,-0.8057610392570496,4.169493352313824,0.33293521412956517,1.4438453214846274,189.56012245309017,166.8817296967028,150.2865765973307
6.73423236887902,-0.8057610392570496,4.169493179075067,0.33293527748055607,1.4438466028022288,189.56020737641165,166.88137653027064,150.28630735673966
6.751924738287926,-0.8057610988616943,4.1694942478041614,0.33293506616510715,1.4438461627938337,189.56002280505942,166.8818047187579,150.28694662409316
6.769603729248047,-0.8057610392570496,4.169492858074275,0.33293607465754166,1.4438468980496755,189.5600295025173,166.88166970833544,150.28664162767478
6.787284006364644,-0.80576092004776,4.169496873123085,0.33293414494689844,1.4438464082510547,189.56008502300622,166.88118695721127,150.2866250804987
6.804958855733275,-0.8057610392570496,4.169494497940901,0.33293595478870724,1.4438475787218095,189.55999052824063,166.8815524415792,150.28673644271115
6.822634179145098,-0.8057610392570496,4.16949431374197,0.33293514956316506,1.4438445646357105,189.5600612687548,166.88189317999223,150.28663773888928
6.840610936284065,-0.8057610392570496,4.169491320728132,0.33293677131415467,1.443846134718371,189.56001667926992,166.88214998616,150.2867064482752
6.8585308799520135,-0.8057611584663391,4.169492708826871,0.3329361147223406,1.443846203101542,189.56003376520403,166.88190922892278,150.28668610633108
6.876500386744738,-0.8057609796524048,4.169493345137545,0.33293608841761313,1.4438485244889923,189.56003126567106,166.88144911302248,150.28670991236527
6.894398714415729,-0.8057610392570496,4.169494071590864,0.33293538427677705,1.443845554599031,189.56005376798385,166.8817821632498,150.28665578225826
6.912330020219088,-0.8057610392570496,4.169494096872072,0.3329356704252112,1.443846012503281,189.56001369552428,166.8818117400505,150.28670545127244
6.930173012427986,-0.8057610392570496,4.169493478315516,0.3329355904437239,1.4438461829476879,189.56002828513172,166.88185697384034,150.28681636521213
6.947965727187693,-0.8057610392570496,4.169492943950969,0.33293569610144835,1.4438464029518854,189.56012057080784,166.8816428795967,150.28649673153535
6.965751034207642,-0.8057610392570496,4.169492783450573,0.3329360946899411,1.4438465505756088,189.56003163386066,166.8817894686291,150.28666386700291
6.983534935861826,-0.8057610392570496,4.169493603383886,0.3329360347555239,1.4438468909116757,189.56001214672233,166.881730835251,150.2867112745211
7.001315986737609,-0.8057610392570496,4.16949351128442,0.3329356321427528,1.4438453838686263,189.5600475169794,166.8819012044575,150.28666192261016
7.019155465066433,-0.8057610392570496,4.1694930269822095,0.3329361015699769,1.4438473637952671,189.56003251543757,166.88167917097263,150.28669800934819
7.036950814537704,-0.8057610392570496,4.169493390208867,0.33293574949955884,1.4438458788502864,189.56004376659394,166.8818456960863,150.28667094429466
7.0547429118305445,-0.8057610392570496,4.169493402849472,0.33293589257377587,1.4438461078024116,189.56002373036415,166.88186048448665,150.28669577880174
7.07254814170301,-0.8057610392570496,4.169493093571194,0.33293585258303227,1.443846193024615,189.56003102516786,166.88188310138156,150.2867512357716
7.09034083224833,-0.8057610392570496,4.16949282638892,0.33293590541189444,1.4438463030267137,189.56007716800593,166.88177605425975,150.2865914189332
7.108150398358703,-0.8057610392570496,4.169492746138722,0.3329361047061409,1.4438463768385754,189.56003269953234,166.88184934877594,150.28667498666698
7.12593996245414,-0.8057610392570496,4.1694931561053785,0.3329360747389323,1.4438465470066089,189.56002295596318,166.8818200320869,150.28669869042608
7.143637342378497,-0.8057610392570496,4.169493110055646,0.3329358734325467,1.4438457934850841,189.56004064109172,166.88190521669014,150.28667401447063
7.161405496299267,-0.8057610988616943,4.169492867904541,0.3329361081461587,1.4438467834484048,189.56003314032077,166.8817941999477,150.28669205783956
7.179154762998223,-0.8057610392570496,4.16949272578786,0.33293591797551525,1.4438461087408119,189.56005422023514,166.8818707738379,150.28666517102198
7.19682998303324,-0.8057610988616943,4.1694930485259984,0.33293603554807805,1.4438464374401596,189.56003077203115,166.88183271752465,150.28669031057507
7.2145736534148455,-0.8057610392570496,4.1694932365502755,0.332935864955619,1.4438462991093728,189.56004383416567,166.88183591339836,150.28669398275042
7.232404635287821,-0.8057610392570496,4.16949286874161,0.3329360447685104,1.4438463574062748,189.5600354831907,166.88184598993155,150.28667973568784
7.250302936881781,-0.8057610392570496,4.169492788365706,0.3329361114342496,1.4438464932749735,189.5600334527624,166.88185171443524,150.28668908208533
7.268209255300462,-0.8057610392570496,4.169492878676435,0.3329360751352093,1.443846320270851,189.5600322686176,166.88187097322373,150.28668820845309
7.2861113250255585,-0.8057610392570496,4.1694930558381715,0.3329360036480582,1.4438461554519768,189.5600287477841,166.88188485670472,150.2866909425664
7.304056661203504,-0.8057610392570496,4.169492901199032,0.3329359836526864,1.4438461980630786,189.56003239518594,166.88189616515217,150.28671867105135
7.321957381442189,-0.8057610392570496,4.1694927676078954,0.3329360100671175,1.4438462530641278,189.56005546660498,166.88184264159128,150.28663876263215
7.339739186689258,-0.8057610392570496,4.169492727482797,0.3329361097142407,1.4438462899700588,189.5600332323682,166.88187928884935,150.28668054649904
